
node alap asap priority  operation
27    1    8    1            *
28    1    8    2            *
25    2    7    3            *
26    2    7    4            *
9    2    2    5            *
12    2    2    6            *
21    3    6    7            *
22    3    6    8            *
23    3    6    9            +
24    3    6    10            +
1    3    1    11            +
2    3    1    12            +
7    3    1    13            +
8    3    1    14            +
19    4    5    15            *
20    4    5    16            *
15    5    4    17            *
16    5    4    18            *
17    5    4    19            +
18    5    4    20            +
13    6    3    21            *
14    6    3    22            *
10    7    2    23            *
11    7    2    24            *
3    8    1    25            +
4    8    1    26            +
5    8    1    27            +
6    8    1    28            +

LIST BASED SCHEDULE for resource constraint **+-<>^i


s1     5  6  
s2     3  4  11  
s3     7  8  10  
s4     1  2  14  
s5     13  16  18  
s6     12  15  17  
s7     20  
s8     19  22  24  
s9     9  21  23  
s10     26  
s11     25  
s12     28  
s13     27  